15400073
15400177
15400508
15400704
15400742
15401410
15401454
15401921
15402439
15402493
15402553
15402649
15402667
15402682
15402723
15402741
15402781
15402923
15402925
15403086
15403090
15403189
15403244
15403245
15403538
15403688
15403791
15403847
15403944
15404043
15404061
15404078
15404180
15404237
15404700
15404869
15405180
15405200
15405215
15405293
15405440
15405553
15405679
15405690
15405971
15406017
15406297
15406327
15406433
15406473
15406514
15406555
15406824
15406852
15406854
15406969
15406989
15407137
15407227
15407323
15407425
15407566
15407569
15407591
15407627
15407698
15407814
15407836
15407848
15408153
15408469
15408513
15408527
15408568
15408575
15408674
15408901
15408934
15409033
15409065
15409067
15409086
15409192
15409309
15409432
15409533
15409602
15410222
15410246
15410272
15410302
15410320
15410353
15410433
15410587
15410619
15410657
15410684
15410812
15410871
15410897
15411034
15411058
15411555
15411710
15411903
15412077
15412358
15412412
15412415
15412485
15412544
15412732
15412969
15413018
15413033
15413098
15413115
15413210
15413235
15413308
15413376
15413630
15413676
15413728
15413806
15413809
15413825
15414041
15414049
15414081
15414215
15414310
15414376
15414514
15414551
15414745
15414766
15414812
15415031
15415355
15415404
15415457
15415639
15415731
15415734
15415856
15415883
15416013
15416087
15416091
15416108
15416132
15416242
15416324
15416343
15416454
15416619
15416746
15417059
15417776
15418157
15418984
15419108
15419131
15419982
15422338
15423622
15423671
15423672
15423700
15423720
15423729
15423758
15423781
15423839
15423891
15423970
15424030
15424072
15424121
15424159
15424177
15424182
15424184
15424193
15424194
15424290
15424311
15424363
15424393
15424435
15424551
15424567
15437411
15438765
15439776
15439828
15439855
15440133
15440269
15600135
15600510
15600567
15600737
15601231
15601244
15601287
15601420
15601763
15602200
15602384
15602433
15602437
15602585
15602801
15602808
15602843
15602904
15602923
15602965
15603064
15603066
15603121
15603163
15603179
15603266
15603314
15603328
15603403
15603409
15603517
15603710
15604021
15604098
15604109
15604121
15604129
15604165
15604184
15604185
15604191
15604299
15604306
15604309
15604310
15604330
15604367
15604372
15604383
15604397
15604464
15604475
15604501
15604503
15604527
15604638
15604740
15604743
15604818
15604881
15604887
15604897
15604903
15604936
15605034
15605139
15605319
15605343
15605357
15605383
15605461
15605539
15605728
15605753
15605761
15605765
15605860
15605911
15605915
15605980
15606019
15606056
15606057
15606109
15606134
15606165
15606172
15606183
15606209
15606505
15606556
15606602
15606622
15606630
15606661
15606721
15606744
15606759
15606774
15606944
15606949
15606961
15606977
15607228
15607233
15607253
15607270
15607325
15607375
15607443
15607477
15607491
15607560
15607644
15607733
15607736
15607773
15607858
15608012
15608044
15608090
15608109
15608119
15608381
15608474
15608525
15608537
15608543
15608612
15608693
15608729
15608806
15608828
15608891
15609063
15609106
15609178
15609181
15609260
15609300
15609334
15609345
15609451
15609629
15609651
15609698
15609712
15609732
15609762
15609766
15609805
15609849
15609861
15609870
15609943
15609947
15610044
15610110
15610245
15610261
15610295
15610397
15610412
15610426
15610427
15610453
15610498
15610522
15610526
15610536
15610544
15610560
15610664
15610666
15610695
15610739
15610756
15610757
15610779
15610787
15610860
15610888
15610908
15610984
15611120
15611191
15611207
15611250
15611271
15611318
15611321
15611407
15611439
15611452
15611464
15611475
15611493
15611510
15611513
15611567
15611603
15611682
15611687
15611731
15611777
15611791
15611808
15611829
15611854
15611886
15611887
15612039
15612040
15612089
15612102
15612128
15612267
15612291
15612307
15612342
15612365
15612387
15612398
15612489
15612554
15612578
15612613
15612663
15612732
15612816
15612847
15612863
15612880
15612984
15613093
15613134
15613153
15613259
15639696
15640357
15640626
15640900
15640982
15641041
15685250
15700093
15700862
15700935
15701193
15701318
15701419
15701450
15701474
15701554
15701637
15701667
15701803
15701901
15701936
15702001
15702170
15702180
15702223
15702231
15702332
15702453
15702495
15702546
15702581
15702640
15702677
15702737
15702747
15702758
15702815
15702946
15703018
15703038
15703141
15703176
15703200
15703422
15703491
15703513
15703527
15703586
15703590
15703649
15703731
15703732
15703781
15703786
15703797
15703816
15703868
15703876
15703889
15703899
15703969
15704026
15704122
15704182
15704224
15704355
15704477
15704483
15704502
15704597
15704654
15704905
15704976
15705009
15705032
15705036
15705084
15705090
15705127
15705130
15705175
15705275
15705323
15705372
15705387
15705409
15705439
15705440
15705453
15705455
15705464
15705536
15705563
15705646
15705674
15705681
15705683
15705687
15705700
15705717
15705761
15705816
15705851
15705879
15705886
15706047
15706058
15706101
15706147
15706187
15706209
15706227
15706272
15706316
15710236
15735423
15735931
15736183
15736279
15736284
15736337
15736449
15800115
15800675
15801213
15801258
15801270
15801355
15801567
15801620
15802262
15802554
15802617
15802643
15802724
15802906
15803004
15803240
15803270
15803294
15803381
15803604
15803798
15803863
15803875
15803910
15804119
15804296
15804493
15804511
15804577
15804628
15804769
15804870
15804927
15804952
15804956
15805211
15805214
15805361
15805387
15805404
15805425
15805433
15805501
15805768
15805926
15805934
15805953
15805973
15806009
15806045
15806098
15806141
15806154
15806176
15806220
15806236
15806316
15806354
15806362
15806392
15806454
15806481
15806620
15806700
15806820
15806824
15806912
15806917
15807146
15807176
15807234
15807254
15807304
15807319
15807415
15807416
15807427
15807443
15807655
15807676
15807743
15807840
15807857
15807891
15807905
15807973
15807993
15808029
15808053
15808126
15808173
15808177
15808205
15808210
15808244
15808264
15808273
15808331
15808429
15808476
15808532
15808553
15808591
15808613
15808622
15808657
15808700
15808709
15808936
15809006
15809095
15809121
15809159
15809259
15809465
15809523
15809536
15809685
15809742
15809754
15809756
15809777
15809782
15809856
15809882
15809989
15810024
15810028
15810030
15810054
15810118
15810230
15810253
15810294
15810333
15810348
15810408
15810421
15810571
15810669
15810736
15810826
15810831
15810857
15810862
15810914
15810955
15811120
15811140
15811218
15811283
15811294
15811330
15811376
15811390
15811403
15811457
15811478
15811485
15811496
15811568
15811601
15811608
15811632
15811641
15811792
15811810
15811815
15811877
15811901
15812006
15812051
15812055
15812064
15812071
15812092
15812246
15812359
15812488
15812689
15812701
15812707
15812721
15812793
15812982
15813039
15813093
15813117
15813122
15813136
15813143
15813198
15813199
15813352
15813401
15813460
15813480
15813504
15813552
15813736
15813797
15813846
15813975
15814056
15818200
15818647
15820311
15821511
15839847
15839850
15840056
15840160
15840168
15840177
15840438
15840876
15840899
15890327
15900003
15900004
15900053
15900115
15900566
15900738
15900881
15901002
15901013
15901092
15901343
15901892
15902094
15902132
15902195
15902480
15902773
15902938
15903120
15903131
15903142
15903192
15903222
15903256
15903291
15903577
15903827
15903855
15904057
15904068
15904089
15904524
15904819
15904849
15904894
15905320
15905392
15905417
15905437
15905536
15905537
15905599
15905616
15905639
15905675
15905746
15905765
15905965
15905974
15906386
15906454
15906597
15906680
15906911
15906914
15907190
15907210
15907305
15907473
15907741
15907875
15907948
15907991
15908014
15908060
15908281
15908443
15908538
15908565
15908662
15908780
15908821
15909072
15909076
15909083
15909098
15909126
15909259
15909274
15909528
15909552
15909576
15909585
15909619
15910002
15910088
15910109
15910123
15910174
15910284
15910418
15910650
15910667
15910996
15911048
15911272
15911384
15911388
15911435
15911507
15911510
15911611
15911757
15911760
15911763
15911778
15911782
15911859
15911971
15912014
15912041
15912135
15912410
15912411
15912499
15912603
15912717
15912743
15912761
15912791
15913058
15913096
15913144
15913148
15913173
15913220
15913252
15913527
15913530
15913631
15913642
15913668
15913670
15913676
15913700
15913795
15913808
15913833
15913859
15913890
15914010
15914114
15914166
15914244
15914376
15914390
15914419
15914422
15914434
15914540
15914621
15914742
15914786
15914787
15914831
15914865
15914892
15914968
15915016
15915017
15915069
15915094
15915319
15915406
15915415
15915559
15915563
15915566
15915594
15915742
15915803
15915928
15915979
15916004
15916061
15916124
15916171
15916277
15916297
15916388
15916589
15916633
15916697
15916829
15916906
15917213
15917215
15917254
15917322
15917454
15917575
15917586
15917604
15918134
15918509
15918600
15918611
15918741
15918839
15919004
15919066
15919326
15919376
15919701
15920351
15920435
15920461
15920558
15920832
15920837
15920961
15920987
15921056
15921071
15921122
15921196
15921311
15921330
15921448
15921539
15921743
15922110
15922573
15923126
15923284
15923596
15925543
15925832
15926145
15926277
15926434
15926496
15926564
15928454
15928749
15930075
15930118
15930143
15930150
15930224
15930244
15930334
15930348
15930349
15930350
15930351
15930516
15930521
15930580
15930591
15930604
15930668
15930690
15930785
15930808
15930839
15930910
15930933
15930950
15930975
15930984
15931029
15931051
15931056
15931060
15931061
15931261
15931314
15931318
15931334
15931360
15931364
15931365
15931371
15931427
15931451
15931456
15931535
15931562
15931590
15931640
15931644
15931677
15931689
15931716
15931718
15931741
15931783
15931801
15931852
15931896
15931913
15931958
15931975
15931996
15932010
15932065
15932101
15932108
15932142
15932209
15932299
15932303
15932337
15932347
15932363
15932379
15932394
15932413
15932423
15932430
15932438
15932456
15932459
15932490
15932500
15932516
15932568
15932573
15932575
15932606
15932631
15932635
15932646
15932673
15932699
15932747
15932748
15932763
15932796
15932797
15932806
15932810
15932812
15932814
15932818
15932857
15932944
15933522
15935122
15936207
15937076
15939580
15939794
15940466
15940806
15940998
15941142
15941170
15943009
15943131
15943278
15946345
15946669
15946787
15946862
15947048
15947090
15947380
15947529
15947645
15947683
15948218
15948427
15948454
15948673
15948709
15948740
15948789
15948790
15948877
15948882
15948923
15949016
15949018
15949110
15949147
15949165
15949187
15949216
15949231
15949234
15949260
15949272
15949284
15949330
15949404
15949467
15949483
15949515
15949531
15949547
15949553
15949559
15949588
15949593
15949614
15949790
15949912
15949978
15950048
15950121
15950123
15950135
15950185
15950230
15950403
15950414
15950464
15950494
15950544
15950573
15950575
15950579
15950604
15950667
15950675
15950778
15950850
15950942
15950976
15950984
15951018
15951075
15951109
15951114
15951128
15951134
15951295
15951297
15951376
15951449
15951455
15951601
15952429
15984505
16200053
16200121
16200243
16200325
16200523
16200694
16200980
16201278
16201448
16201509
16201563
16201595
16201625
16201748
16201749
16202069
16202247
16202715
16203124
16203218
16203266
16203269
16203304
16203372
16203373
16203450
16203463
16203489
16203559
16203695
16203903
16204086
16204201
16204224
16204234
16204235
16204260
16204296
16204298
16204446
16204635
16204731
16204750
16204921
16204936
16204945
16204956
16204967
16205022
16205051
16205116
16205125
16205237
16205304
16205316
16205402
16205448
16205478
16205495
16205591
16205597
16205658
16205741
16205775
16205811
16205819
16205861
16206145
16206149
16206176
16206220
16206231
16206302
16206349
16206396
16206437
16206539
16206563
16206593
16206692
16206709
16206717
16206805
16206871
16206884
16206887
16206893
16206921
16206954
16207129
16207154
16207156
16207162
16207173
16207225
16207318
16207340
16207343
16207374
16207377
16207386
16207468
16207478
16207535
16207552
16207694
16207759
16207779
16207918
16208008
16208009
16208027
16208127
16208304
16208337
16208339
16208359
16208373
16208413
16208449
16208492
16208514
16208633
16208634
16208671
16208682
16208792
16208822
16208855
16208865
16208892
16208955
16209093
16209127
16209193
16209199
16209216
16209236
16209265
16209315
16209357
16209518
16209625
16209630
16209752
16209799
16209828
16209916
16209990
16210314
16210358
16210586
16234916
16235354
16236907
16238596
16238654
16238662
16238778
16238797
16238940
16300154
16300193
16300524
16301409
16301608
16301621
16301684
16301726
16302100
16302161
16302975
16303109
16303111
16303219
16303232
16303477
16303616
16303634
16303684
16303722
16303768
16303772
16303859
16303984
16303988
16304031
16304070
16304071
16304104
16304127
16304214
16304301
16304420
16304506
16304510
16304522
16304529
16304561
16304579
16304582
16304675
16304700
16304704
16304861
16304871
16304884
16304892
16304957
16304982
16305125
16305143
16305243
16305276
16305280
16305429
16305430
16305619
16305652
16305657
16305749
16305829
16305902
16305922
16305932
16305972
16306163
16306206
16306258
16306282
16306342
16306387
16306445
16306613
16306766
16306783
16306823
16306827
16306842
16306930
16306974
16306976
16307016
16307017
16307089
16307157
16307168
16307221
16307238
16307440
16307641
16335030
16336553
16336720
16337359
16363645
16400028
16400400
16400417
16401275
16401380
16401767
16401960
16402440
16402517
16402579
16402616
16402680
16402758
16402769
16402806
16402854
16402869
16402937
16402941
16403016
16403017
16403096
16403198
16403224
16403240
16403274
16403277
16403286
16403539
16403548
16403609
16403638
16403740
16403771
16403788
16403789
16403832
16403862
16403899
16403926
16403997
16404006
16404019
16404072
16404074
16404079
16404099
16404119
16404139
16404142
16404159
16404167
16404181
16404225
16404251
16404253
16404333
16404365
16404381
16404384
16404405
16404549
16404558
16404572
16404598
16404609
16404624
16404665
16404677
16404714
16404720
16404760
16404850
16404884
16404905
16404924
16405033
16405141
16405159
16409455
16435730
16436355
16436362
16600284
16600286
16600314
33600873
33601198
33601205
33601415
33601491
33601572
33601746
33601842
33602009
33602095
33602131
33602315
33602395
33602532
33602759
33602789
33602804
33602993
33603023
33603072
33603128
33603166
33603175
33603276
33603372
33603459
33603536
33603644
33603746
33603913
33604006
33604010
33604018
33604038
33604249
33604262
33604340
33604347
33604374
33604431
33604479
33604543
33604690
33604720
33604756
33604792
33604914
33605056
33605058
33605115
33605213
33605280
33605295
33605399
33605453
33605493
33605516
33605568
33605667
33605937
33606055
33606205
33606231
33617951
33635343
33635433
33635626
33635798
33636039
33637004
33637243
33637390
33637934
33700692
33701783
33701855
33702191
33702224
33702248
33702340
33702420
33702498
33702740
33702864
33703028
33703302
33703325
33703568
33703575
33703668
33703741
33703779
33703801
33703832
33704376
33704436
33704493
33704900
33704920
33705169
33705340
33705374
33733384
33734827
33735964
33900226
33900234
33900656
33900697
33900732
33901004
33901266
33901332
33901528
33901549
33901699
33901941
33901982
33902367
33902393
33902555
33902927
33903006
33903022
33903050
33903205
33903288
33903378
33903390
33903497
33903554
33903569
33903612
33903625
33903626
33903655
33903743
33903873
33903955
33903956
33903957
33903985
33904002
33904058
33904240
33904438
33904451
33904561
33904626
33904639
33904760
33904776
33904862
33904869
33904930
33904960
33904963
33905085
33905112
33905122
33905137
33905169
33905218
33905246
33905301
33905315
33905443
33905563
33905564
33905707
33905869
33905871
33905873
33905887
33906094
33906181
33906267
33906480
33906519
33906608
33906628
33906684
33906689
33906714
33906762
33906873
33906891
33906931
33906949
33907064
33907069
33907080
33907081
33907085
33907302
33907330
33907379
33907420
33907431
33907555
33907592
33907594
33907748
33907761
33907899
33907912
33907913
33907955
33908009
33908049
33908067
33908094
33908128
33908485
33908596
33908626
33908670
33908680
33908718
33908833
33908862
33908887
33908944
33908953
33909004
33909285
33909358
33909606
33910305
33933175
33934380
33936623
33936810
33936970
33937187
33937213
33937331
33937339
33937486
33937530
34100002
34100034
34100093
34100358
34100363
34100405
34100669
34100800
34100994
34101040
34101144
34101205
34101308
34101337
34101379
34101689
34101717
34101847
34101861
34101931
34102023
34102051
34102055
34102066
34102156
34102193
34102375
34102462
34102463
34102486
34102490
34102621
34102652
34102719
34102800
34102861
34102894
34102954
34102996
34103044
34103165
34103221
34103228
34103242
34103269
34103286
34103303
34103305
34103314
34103319
34103338
34103409
34103554
34103584
34103595
34103725
34103735
34103843
34103846
34103883
34103914
34103928
34103976
34103997
34104071
34104096
34104102
34104145
34104159
34104167
34104185
34104344
34104483
34104554
34104591
34104617
34104812
34104884
34104920
34104934
34105041
34105055
34105081
34105106
34105138
34105151
34105161
34105179
34105188
34105195
34105229
34105247
34105311
34105517
34105576
34134102
34134781
34134823
34135084
34135232
34136204
34136294
34136369
34136407
34136480
34136507
34136671
34136841
34136894
34136939
34136974
34137003
34137154
34137259
34500555
34500672
34500779
34500790
34501059
34501078
34501101
34501190
34501221
34533015
34600028
34600087
34600103
34600181
34600222
34600242
34600304
34600307
34600331
34600464
34600493
34600497
34600508
34600551
34600557
34600598
34600644
34600677
34600713
34600738
34600742
34600746
34600747
34600785
34600815
34600841
34600845
34600847
34600877
34600878
34601025
34601041
34601058
34601083
34601145
34601173
34601243
34601255
34601260
34601401
34601554
34601555
34601593
34606531
34606554
34633475
34633933
34634039
34634111
34634154
43100419
43100615
43101178
43101268
43101446
43101790
43101810
43101902
43102008
43102059
43102214
43102313
43102394
43102406
43102409
43102471
43102512
43102515
43102551
43102558
43102660
43102690
43102696
43102907
43102914
43102967
43103023
43103102
43103352
43103410
43103419
43103516
43103524
43103555
43103635
43103644
43103661
43103670
43103712
43103784
43103816
43103822
43103870
43103904
43103909
43103920
43104016
43104033
43104040
43104071
43104140
43104191
43104195
43104234
43104273
43104418
43104533
43104574
43104590
43104596
43104617
43104638
43104803
43104816
43104822
43104858
43104892
43104897
43105046
43105058
43105124
43105128
43105137
43105224
43105331
43105371
43105466
43105511
43105549
43105898
43105984
43106092
43106108
43106151
43106341
43106363
43106371
43106494
43106509
43106635
43111589
43111952
43113995
43133912
43134110
43136612
43136652
43136721
43136816
43400282
43400315
43400683
43400779
43400865
43401071
43401211
43401317
43401358
43401379
43401419
43401572
43401651
43401741
43401749
43401757
43401799
43401927
43401968
43401980
43402033
43402076
43402106
43402108
43402133
43402144
43402170
43402335
43402362
43402439
43402493
43402507
43402521
43402537
43402567
43402589
43402663
43402755
43402759
43402797
43402826
43402879
43402882
43402981
43403009
43403015
43403068
43403100
43403105
43403136
43403187
43403241
43403288
43403346
43403347
43403349
43403465
43403472
43403473
43403501
43403518
43403520
43403527
43403656
43403673
43403675
43403688
43403691
43403711
43403725
43403742
43403766
43403795
43403855
43403875
43403883
43403909
43403921
43403975
43404062
43404094
43404154
43404177
43404198
43404208
43404289
43404294
43404347
43404363
43404413
43404431
43404434
43404479
43404492
43404517
43404523
43404588
43404591
43404632
43404636
43404640
43404658
43404663
43404665
43404672
43404700
43404727
43404741
43404791
43404818
43404865
43404872
43404913
43404914
43404916
43404950
43404962
43404969
43405034
43405099
43405123
43405131
43405155
43405174
43405208
43405261
43405270
43405309
43405315
43405345
43405358
43405375
43405382
43405385
43405460
43405502
43405538
43405567
43405598
43405649
43405654
43405655
43405665
43405673
43405676
43405688
43405796
43405811
43405832
43405880
43405924
43409588
43419291
43434316
43435702
43435877
43436235
43436989
43437008
43437065
43437297
43437450
43437529
43437650
43437699
43437809
43437817
43437827
43437848
43479505
43483421
43500047
43500154
43500160
43500341
43500931
43501191
43501246
43501630
43501645
43501953
43501991
43502017
43502022
43502315
43502389
43502391
43502456
43502501
43502514
43502677
43502711
43502742
43502842
43502848
43502927
43503134
43503207
43503284
43503322
43503326
43503382
43503449
43503484
43503492
43503505
43503547
43503578
43503586
43503753
43503810
43503837
43503859
43503866
43503924
43503958
43504028
43504127
43504166
43504175
43504274
43504302
43504312
43504386
43504392
43504565
43504581
43504650
43504670
43504744
43504796
43504812
43504828
43504848
43504873
43504890
43504966
43504974
43504997
43505002
43505022
43505109
43505120
43505148
43505211
43505298
43505305
43505362
43505419
43505457
43505570
43505591
43505665
43505742
43505747
43505890
43505958
43506000
43506049
43506095
43506112
43506205
43506225
43506284
43506293
43506337
43506342
43506392
43506427
43506433
43506510
43506581
43506696
43506698
43506705
43506720
43506762
43506819
43506994
43507032
43507041
43507076
43507109
43507182
43507212
43507250
43507261
43507290
43507302
43507306
43507465
43507584
43507728
43507759
43507948
43507976
43507998
43508035
43508097
43536510
43537177
43537606
43537660
43538035
43538094
43538177
43576904
43800195
43800250
43800772
43801240
43801425
43801522
43801839
43802058
43802452
43802539
43802543
43802612
43803198
43803239
43803278
43803320
43803362
43803551
43803907
43803949
43804019
43804083
43804221
43804264
43804312
43804385
43804619
43804650
43804707
43804910
43804955
43804956
43804970
43804997
43805143
43805353
43805373
43805439
43805441
43805485
43805547
43805626
43805723
43805736
43805902
43805978
43805981
43806069
43806087
43806094
43806122
43806132
43806137
43806194
43806197
43806201
43806273
43806330
43806487
43806512
43806542
43806571
43806631
43806632
43806663
43806688
43806737
43806857
43806901
43806956
43807157
43807185
43807226
43807348
43807369
43807385
43807392
43807404
43807431
43807443
43807448
43807485
43807630
43807665
43807718
43807721
43807825
43807837
43807902
43807909
43807972
43808140
43808200
43808208
43808216
43808361
43808413
43808431
43808452
43808482
43808565
43808593
43808716
43808768
43808788
43808798
43808817
43808928
43809079
43809093
43809126
43809136
43809151
43809176
43809417
43809423
43809424
43809619
43809636
43809663
43809703
43809718
43809866
43809872
43809911
43809917
43809932
43810052
43810091
43810093
43810115
43810145
43810205
43810245
43810292
43810354
43810822
43810891
43813395
43833048
43834258
43842898
43843508
43843870
45500039
45500132
45500242
45500735
45500959
45500998
45501117
45501161
45501199
45501546
45501613
45501621
45501641
45501662
45501738
45501793
45501946
45501989
45502146
45502304
45502305
45502338
45502373
45502403
45502425
45502431
45502469
45502524
45502527
45502547
45502553
45502594
45502685
45502726
45502860
45502891
45503031
45503081
45503149
45503165
45503183
45503353
45503406
45503409
45503692
45503699
45503745
45503778
45503799
45503835
45503844
45503901
45535630
45535989
45536010
46100511
46100555
46100680
46100880
46100968
46101023
46101318
46101550
46101973
46102135
46102247
46102288
46102771
46102803
46102904
46103033
46103138
46103174
46103273
46103421
46103507
46103520
46103574
46103593
46103688
46103796
46103814
46103820
46103837
46104096
46104099
46104121
46104162
46104184
46104270
46104350
46104490
46104556
46104590
46104630
46104635
46104678
46104756
46104799
46104889
46104945
46104980
46105000
46105091
46105166
46105298
46105460
46105613
46105642
46105759
46105760
46105790
46105859
46105991
46106080
46106149
46106172
46106210
46106311
46106445
46106468
46106510
46106541
46106604
46106605
46106630
46106653
46106751
46107034
46107213
46107233
46107342
46107418
46107505
46107552
46107569
46107915
46133576
46134967
46136807
46136888
46137026
46137351
46137399
46137442
46137540
54200175
54200356
54200445
54200449
54200689
54200992
54201345
54201348
54201425
54201516
54201644
54201699
54201706
54201728
54201822
54201889
54202003
54202116
54202120
54202146
54202424
54202428
54202443
54202498
54202698
54202705
54202749
54202770
54202783
54202784
54202816
54202859
54202875
54202886
54202927
54202961
54202967
54202999
54203034
54203051
54203111
54203123
54203229
54203297
54203768
54203870
54203899
54203911
54203920
54203926
54203954
54204086
54204098
54204205
54204213
54204315
54204371
54204379
54204389
54204537
54210302
54235453
54300107
54300160
54300192
54300897
54301070
54301404
54301416
54301575
54301610
54301660
54301678
54301680
54301691
54302489
54302642
54302814
54302969
54303025
54303117
54303217
54303230
54303374
54303474
54303530
54303752
54303836
54303880
54303892
54303997
54304004
54304386
54304583
54304601
54304635
54304643
54304644
54304742
54304857
54304879
54305437
54305440
54305482
54305666
54305733
54305823
54305838
54305892
54305900
54305925
54306071
54306091
54306127
54306201
54306352
54306384
54306407
54306426
54306466
54306554
54306585
54306614
54306757
54306842
54306958
54306984
54307126
54307315
54307351
54307431
54307532
54307673
54307711
54307799
54307880
54308049
54308153
54308538
54308604
54308741
54308851
54308917
54309035
54309038
54309211
54309353
54309377
54309449
54309478
54309516
54309531
54309645
54309732
54309757
54309775
54309795
54309800
54309846
54309871
54309880
54309989
54310039
54310088
54310160
54310162
54310173
54310180
54310234
54310398
54310554
54310585
54310645
54310714
54310756
54310779
54310822
54310885
54310952
54311102
54311165
54311205
54311296
54311347
54311422
54311493
54311537
54311561
54311637
54311739
54311752
54311835
54311877
54312041
54312079
54312142
54312222
54312245
54312287
54312403
54312428
54312627
54312638
54312694
54312736
54312841
54312890
54312919
54313086
54313257
54313326
54313379
54313481
54313497
54313498
54313578
54313664
54313715
54313774
54313812
54313940
54313958
54314093
54314164
54314183
54314234
54314277
54314351
54314481
54314655
54314740
54314761
54314767
54314844
54314857
54314912
54314962
54314965
54315049
54336452
54338023
54338073
54338894
54339117
54339122
54339375
54339397
54339594
54339630
54339741
54339971
54340095
54340140
54340337
54340339
54340380
54340479
54340533
54340562
54700082
54700159
54700491
54700496
54700542
54700602
54700741
54700848
54700906
54700948
54701043
54701048
54701050
54701076
54701164
54701178
54701179
54701183
54701388
54701418
54701421
54701505
54701557
54701563
54701615
54701623
54701663
54701735
54701739
54701760
54701763
54701787
54701788
54701806
54701811
54701865
54701905
54701996
54702022
54702023
54702076
54702081
54702086
54702100
54702161
54702171
54702467
54702474
54702483
54733288
54733630
54734146
54800100
54800246
54800322
54800341
54800478
54800618
54800927
54801127
54801341
54801357
54801362
54801458
54801587
54801593
54801775
54801778
54801846
54801863
54801876
54801893
54801933
54801965
54801993
54801996
54802015
54802017
54802035
54802039
54802105
54802172
54802204
54802214
54802261
54802302
54802314
54802348
54802518
54802524
54802542
54802605
54802620
54802644
54802674
54802676
54802710
54802726
54802798
54802831
54802880
54802911
54802912
54802933
54802993
54803004
54803012
54803022
54803025
54803060
54803071
54803093
54803212
54803256
54803362
54803367
54803412
54803429
54803602
54803685
54803710
54803746
54803790
54803809
54803923
54803929
54803956
54803973
54803975
54804005
54804006
54804010
54804079
54804129
54804131
54804202
54804277
54804295
54804300
54804330
54804344
54804345
54804379
54804391
54804546
54804547
54804589
54816298
54833963
54835636
54835734
57100004
57100221
57100275
57100301
57100334
57100388
57100518
57100526
57100637
57100675
57100973
57100979
57101116
57101118
57101178
57101188
57101205
57101324
57101556
57101561
57101686
57101804
57101940
57102051
57102211
57102287
57102339
57102377
57102476
57102487
57102593
57102601
57102626
57102795
57102796
57102840
57102849
57102854
57102871
57102891
57102936
57102986
57103020
57103023
57103065
57103077
57103134
57103179
57103205
57103264
57103276
57103303
57103338
57103365
57103386
57103401
57103428
57103437
57103497
57103498
57103588
57103594
57103642
57103652
57103667
57103687
57103688
57103770
57103826
57103840
57103858
57103940
57103957
57103971
57104050
57104060
57104076
57104088
57104109
57104118
57104253
57104270
57104282
57104340
57104346
57104362
57104386
57104430
57104436
57104464
57104490
57104512
57104516
57104525
57104537
57104538
57104590
57104667
57104726
57104736
57104824
57104828
57104837
57104858
57104893
57104909
57104941
57105006
57105032
57105070
57105105
57105117
57105157
57105201
57105214
57105225
57105246
57105258
57105269
57105281
57105329
57105333
57105396
57105439
57105448
57105502
57105524
57105641
57114579
57134716
57135673
57136665
57136797
57200714
57200825
57202013
57202057
57202323
57202374
57202469
57202487
57202699
57202835
57202879
57202896
57202928
57202952
57203043
57203050
57203056
57203086
57203147
57203148
57203215
57203368
57203429
57203445
57203561
57203609
57203726
57203729
57203753
57203755
57203774
57203831
57203852
57204036
57204205
57204250
57204339
57204405
57204483
57204545
57204623
57204654
57204699
57204706
57204714
57204729
57204744
57204768
57204816
57204834
57204848
57204899
57204957
57204962
57205017
57205029
57205057
57205099
57205133
57205140
57205182
57205187
57205201
57205288
57205320
57205326
57205427
57205462
57205507
57205544
57205671
57205673
57205691
57205714
57205750
57205773
57205846
57205890
57205957
57206005
57206053
57206055
57233690
57237251
57300149
57300150
57300426
57300751
57300809
57300840
57300887
57300914
57301108
57301293
57301381
57301556
57301571
57301655
57301887
57301978
57301980
57302004
57302015
57302057
57302059
57302130
57302213
57302289
57302299
57302356
57302390
57302420
57302525
57302561
57302562
57302568
57302631
57302643
57302658
57302743
57302798
57302819
57302866
57302928
57302942
57302943
57302947
57303066
57303086
57303090
57303113
57303164
57303167
57303206
57303224
57303273
57303279
57303304
57303316
57303329
57303333
57303351
57303358
57303394
57303414
57303469
57303501
57303564
57303570
57303611
57303624
57303647
57303649
57303657
57303668
57303677
57303690
57303692
57303725
57303737
57303768
57303789
57303828
57303844
57303846
57303923
57303955
57303997
57304035
57304046
57304048
57304049
57304079
57304113
57304144
57304156
57304163
57304186
57304229
57304247
57304287
57304309
57304384
57304438
57304458
57304478
57304484
57304653
57304666
57304684
57304718
57304721
57304730
57304832
57304854
57304915
57304951
57304976
57305010
57305019
57305059
57305102
57305132
57305155
57305225
57305238
57305294
57305307
57305320
57305327
57305332
57305348
57305359
57305386
57305407
57305420
57305438
57305440
57305456
57305519
57305534
57305565
57305601
57305617
57305618
57305620
57305686
57305697
57305758
57305799
57305807
57305832
57305835
57305863
57305866
57305924
57306029
57306058
57306159
57306161
57306186
57306210
57306211
57306249
57306263
57306271
57306287
57306315
57306380
57306398
57306448
57306485
57306509
57306534
57306547
57306568
57306585
57306587
57306607
57306614
57306647
57306691
57306722
57306799
57306828
57306883
57306929
57306967
57306996
57334849
57336427
57336522
57336699
57336844
57336993
57337041
57337084
57355986
57400177
57400224
57400465
57401043
57401107
57401220
57401497
57401590
57402209
57402227
57402334
57402337
57402409
57402434
57402463
57402512
57402595
57402663
57402861
57402904
57402906
57402911
57403286
57403373
57403453
57403461
57403624
57403678
57403754
57403762
57403767
57403810
57403825
57403844
57403875
57403889
57403915
57403973
57404009
57404045
57404075
57404175
57404251
57404302
57404303
57404311
57404409
57404420
57404444
57404475
57404504
57404528
57404554
57404572
57404645
57404677
57404752
57404767
57404800
57404875
57404876
57404880
57404897
57404902
57404908
57404909
57404971
57405001
57405008
57405009
57405069
57405131
57405133
57405153
57405158
57405202
57405204
57405217
57405226
57405277
57405302
57405332
57405334
57405393
57405395
57405425
57405469
57405475
57405477
57405562
57405573
57405587
57405605
57405646
57405660
57405669
57405698
57405708
57405724
57405726
57405739
57405740
57405745
57405748
57405760
57405791
57405836
57405968
57405984
57405996
57406063
57406066
57406070
57406101
57406136
57406249
57406256
57406273
57406325
57406438
57406445
57406451
57406461
57406481
57406541
57406564
57406569
57406578
57406599
57406604
57406634
57406682
57406688
57406726
57406756
57406770
57406802
57406819
57406855
57406873
57406902
57407004
57407016
57407029
57407041
57407081
57407149
57407150
57407168
57407260
57407268
57407295
57407313
57407314
57407346
57407384
57407395
57407398
57407503
57407611
57407617
57407629
57407660
57407691
57407698
57407775
57407799
57407889
57407980
57407994
57407995
57408060
57408063
57408159
57408204
57408270
57408284
57408287
57408451
57408475
57408477
57408496
57408497
57408545
57408615
57408616
57408651
57408766
57408778
57408782
57408793
57408814
57408841
57408882
57408906
57408913
57408922
57408947
57408995
57409065
57409101
57409148
57409217
57409332
57409379
57409384
57409457
57409479
57409587
57409615
57409653
57409706
57409765
57409775
57409814
57409827
57409837
57409842
57409889
57409908
57409927
57409957
57409973
57421953
57434208
57434417
57437736
57438071
57438309
57438590
57438715
57439029
57439079
57454185
57500210
57500408
57500531
57500624
57500776
57501330
57501378
57501388
57501532
57501654
57501803
57501866
57501894
57502360
57502447
57502567
57502590
57502687
57502754
57502763
57502872
57502881
57503107
57503144
57503167
57503181
57503222
57503226
57503230
57503236
57503276
57503284
57503314
57503326
57503419
57503514
57503521
57503538
57503567
57503595
57503604
57503632
57503683
57503823
57503834
57503878
57504007
57504097
57504110
57504146
57504178
57504198
57504227
57504236
57504303
57504398
57504427
57504438
57504463
57504503
57504587
57504664
57504682
57504730
57504822
57504841
57504879
57504911
57504943
57504958
57504967
57505072
57505080
57505105
57505177
57505190
57505240
57505250
57505264
57505297
57505304
57505348
57505428
57505438
57505496
57505507
57505531
57505560
57505576
57505606
57505663
57505688
57505714
57505779
57505789
57505880
57505898
57505908
57505924
57505982
57506014
57506018
57506049
57506117
57506150
57506165
57506177
57506230
57506246
57506328
57506335
57506351
57506393
57506478
57506568
57506666
57506671
57506753
57506778
57506792
57506844
57506914
57506952
57506980
57507020
57507033
57507089
57507122
57507179
57507209
57507235
57507248
57507252
57507253
57507260
57507349
57507428
57507437
57507494
57507512
57507566
57507579
57507590
57507610
57507611
57507678
57507738
57507740
57507749
57507755
57507773
57507799
57507856
57507866
57507875
57507914
57507935
57507983
57507990
57508008
57508175
57508198
57508244
57508352
57508428
57508429
57508452
57508465
57508477
57508489
57508514
57508727
57508766
57508772
57508775
57508838
57508900
57508939
57509086
57509088
57509108
57509154
57509216
57509281
57509332
57509350
57509423
57509434
57509487
57509495
57509545
57509557
57509584
57509671
57509684
57509739
57509750
57509835
57509877
57509890
57509893
57509917
57509972
57509974
57510030
57510058
57510073
57510087
57510105
57510179
57510204
57510225
57510232
57510548
57510563
57510604
57510630
57510646
57510757
57510774
57510830
57510898
57510923
57510959
57511011
57511038
57511068
57511075
57511113
57511159
57511168
57511189
57511249
57511273
57511309
57511374
57511388
57511407
57511416
57511448
57511495
57511503
57511550
57511552
57511554
57511561
57511578
57511613
57511690
57511778
57511821
57511864
57511900
57511910
57511911
57512011
57512044
57512138
57512153
57512210
57512223
57512228
57512249
57512283
57512319
57512320
57512359
57512390
57512398
57512440
57512473
57512484
57512497
57512512
57512558
57512567
57512608
57512611
57512630
57512683
57512728
57512783
57512787
57512810
57512840
57512857
57512862
57512874
57512944
57512962
57512976
57513088
57513129
57513156
57513158
57513223
57513238
57513255
57513273
57513320
57513322
57513341
57513349
57513458
57513495
57513609
57513657
57513692
57513702
57513704
57513742
57513763
57513770
57513839
57513881
57513882
57513968
57514025
57514096
57514165
57514223
57514262
57514276
57514322
57514406
57514439
57514470
57514616
57534011
57534781
57535139
57536062
57537515
57537987
57540601
57540686
57541153
57541806
57542125
57581818
57600038
57600129
57600154
57600160
57600679
57600722
57600812
57600942
57601151
57601289
57601375
57601443
57601494
57601505
57601572
57601591
57601597
57601653
57601671
57601732
57601795
57601816
57601901
57601908
57602035
57602120
57602197
57602214
57602230
57602340
57602343
57602344
57602377
57602488
57602533
57602538
57602577
57602623
57602644
57602655
57602680
57602684
57602714
57602738
57602739
57602746
57602759
57602760
57602775
57602849
57602853
57602879
57602933
57602958
57603040
57603050
57603079
57603088
57603138
57603164
57603194
57603235
57603250
57603264
57603270
57603280
57603288
57603300
57603353
57603357
57603405
57603418
57603430
57603438
57603467
57603487
57603521
57603581
57603603
57603650
57603658
57603665
57603671
57603680
57603732
57603753
57603764
57603765
57603771
57603788
57603887
57603895
57603925
57603965
57603974
57604007
57604018
57604022
57604109
57604133
57604153
57604174
57604196
57604220
57604276
57604309
57604314
57604316
57604422
57604455
57604517
57604555
57604573
57604585
57604611
57604633
57604647
57604648
57604669
57604729
57604761
57604775
57604823
57604834
57604853
57604892
57604946
57604959
57604963
57605045
57605057
57605062
57605072
57605075
57605087
57605138
57605141
57605160
57605181
57605187
57605197
57605253
57605287
57605289
57605298
57605355
57605383
57605384
57605404
57605413
57605418
57605428
57605439
57605451
57605474
57605541
57605551
57605570
57605586
57605642
57605664
57605715
57605761
57605810
57605844
57605923
57605981
57605991
57606118
57606124
57634159
57634367
57636527
57636550
57637288
57637564
57637697
57637912
57637919
58300047
58300159
58300357
58300386
58300425
58300517
58300527
58300532
58300557
58300591
58300619
58300621
58300734
58300735
58300833
58300859
58300882
58300887
58300890
58300948
58300973
58300975
58300988
58301010
58301034
58301065
58301073
58301081
58301108
58301112
58301160
58301174
58301177
58301191
58301214
58301250
58301283
58301296
58301302
58301324
58301344
58301380
58301421
58301472
58301479
58301497
58301567
58301588
58301616
58301629
58301679
58301709
58301722
58301771
58301860
58301879
58301883
58301895
58301968
58302003
58302029
58302038
58303091
58304891
58334359
58400402
58400433
58400531
58400644
58400898
58400906
58401007
58401115
58401278
58401370
58401643
58401645
58401680
58401710
58401738
58401869
58401973
58401987
58401989
58402081
58402095
58402122
58402128
58402226
58402230
58402284
58402309
58402313
58402371
58402424
58402428
58402447
58402585
58402650
58402660
58402728
58402893
58402912
58403010
58403038
58403252
58403287
58403293
58403429
58403448
58403467
58403468
58403479
58403531
58403551
58403572
58403573
58403688
58403800
58403816
58403831
58403867
58403882
58403916
58403922
58403935
58403944
58403966
58403989
58404005
58404006
58404014
58404019
58404020
58404032
58404038
58404095
58404101
58404115
58404134
58404169
58404207
58404215
58404219
58404227
58404254
58404351
58404368
58404396
58404401
58404402
58404425
58404429
58404451
58404481
58404495
58404501
58404509
58404515
58404522
58404527
58404528
58404547
58404550
58404693
58404725
58404746
58404805
58404810
58404828
58404833
58404840
58404859
58404875
58404912
58404996
58405017
58405041
58405086
58405118
58405127
58405174
58405237
58405307
58405354
58405486
58405517
58405531
58405564
58405648
58405669
58405707
58405726
58405752
58405850
58405858
58405862
58406011
58406045
58406178
58406180
58406321
58406475
58406551
58406570
58406632
58406664
58406673
58406705
58406756
58406761
58406824
58406880
58407018
58407038
58407061
58407097
58407114
58407161
58407214
58407278
58407287
58407289
58407295
58407395
58407407
58407482
58407571
58407572
58407617
58407659
58407691
58407693
58407771
58407775
58407796
58407818
58407856
58407902
58408169
58408190
58408515
58408581
58408587
58408628
58408667
58408721
58433821
58434662
58436817
58437084
58437358
58437579
58500280
58500354
58500357
58500693
58500713
58500757
58500991
58501046
58501091
58501097
58501130
58501194
58501228
58501251
58501295
58501307
58501393
58501394
58501401
58501420
58501430
58501474
58501479
58501481
58501500
58501541
58501546
58501585
58501626
58501645
58501651
58501693
58501695
58501756
58501758
58501764
58501773
58501777
58501813
58501824
58501827
58501833
58501837
58501898
58501900
58501941
58501950
58501956
58501969
58502011
58502024
58502041
58502051
58502074
58502148
58502156
58502167
58502173
58502196
58502258
58502289
58502334
58502361
58502372
58502374
58502501
58502502
58502603
58502642
58502680
58502746
58502766
58502819
58534601
58534617
58535080
60100118
60100177
60100265
60100386
60100396
60100656
60100748
60100848
60100855
60100956
60101041
60101126
60101137
60101168
60101351
60101399
60101448
60101487
60101500
60101551
60101613
60101652
60101657
60101661
60101706
60101716
60101871
60101886
60101903
60101921
60101933
60101936
60101938
60101963
60101972
60102097
60102122
60102204
60102262
60102316
60102329
60102452
60102476
60102477
60102602
60102648
60102657
60106460
60133329
60134465
60134643
60200034
60200153
60200192
60200321
60200410
60200452
60200575
60200598
60200735
60200798
60200799
60200814
60200829
60200844
60200897
60200902
60200939
60201003
60201009
60201012
60201128
60201189
60201259
60201284
60201341
60201345
60201355
60201410
60201446
60201484
60201543
60201608
60201645
60201658
60201678
60201804
60201816
60201828
60201886
60201920
60201938
60201998
60202007
60202008
60202036
60202055
60202057
60202082
60202105
60202135
60202206
60202225
60202240
60202258
60202267
60202279
60202354
60202554
60202645
60202670
60202671
60202708
60202715
60202814
60202824
60202848
60202899
60202910
60202981
60203032
60203445
60204086
60204276
60233304
60233601
60233754
60233951
60234248
60234420
60300037
60300038
60300182
60300201
60300350
60300370
60300380
60300433
60300435
60300512
60300518
60300537
60300549
60300577
60300633
60300638
60300651
60300655
60300668
60300696
60300705
60300728
60300757
60300777
60300781
60300830
60300833
60300838
60300851
60300864
60300884
60300914
60300917
60300926
60300944
60300946
60300956
60300966
60300968
60300994
60301009
60301051
60306096
60333217
60334048
60334111
60400033
60400170
60400253
60400915
60400944
60401163
60401275
60401307
60401337
60401450
60401684
60401704
60401887
60402299
60402342
60402500
60402759
60403048
60403062
60403406
60403407
60403820
60404099
60404711
60405160
60405396
60405478
60405614
60405951
60406097
60406596
60406932
60407147
60407439
60410395
60411509
60411576
60411686
60411709
60411843
60412012
60412247
60412257
60412375
60412377
60412456
60412498
60413108
60413155
60413159
60413403
60413456
60413467
60413502
60413532
60413668
60413686
60413882
60433152
60434429
60435456
60436463
60436584
60436644
60500107
60500190
60500255
60500598
60500680
60500810
60500865
60500936
60600006
60600062
60600102
60600252
60600279
60600308
60600330
60600449
60600482
60600520
60600619
60600646
60600729
60600752
60600760
60600763
60600765
60600773
60600955
60600980
60600983
60601038
60601096
60601132
60601141
60601143
60601238
60601275
60601392
60601442
60601644
60601673
60601740
60601842
60601848
60601872
60601905
60601926
60601986
60601997
60602130
60602192
60602196
60602353
60602365
60602406
60602460
60602495
60602599
60602610
60602736
60602777
60602781
60602917
60602956
60602995
60603042
60603213
60603306
60603402
60603412
60603454
60603459
60603496
60603511
60603679
60603711
60603772
60604170
60604374
60604407
60604862
60606693
60633345
60633857
60634420
60634615
60634862
60635732
60635829
60635936
60635944
60635998
60636014
60636035
60636056
61100248
61100308
61100877
61100967
61101081
61101084
61101137
61101271
61101292
61101333
61134902
61134915
61300265
61300458
61300606
61300613
61300619
61334276
61400114
61400807
61400850
61400873
61401200
61401366
61401470
61401551
61401675
61401950
61401976
61402024
61402045
61402163
61402207
61435010
61435045
61600095
61600463
61600670
61600727
61600827
61600954
61601079
61601132
61601135
61601266
61601378
61601384
61601607
61601854
61601869
61601885
61601909
61601982
61602026
61602057
61602093
61602160
61602170
61602182
61602205
61602230
61602254
61602265
61602305
61602323
61602351
61602403
61602422
61602433
61602457
61602459
61602467
61602471
61602475
61602560
61602574
61602575
61602596
61602604
61602682
61602693
61602707
61602713
61602756
61602828
61602913
61602948
61603014
61603039
61603045
61603100
61603103
61603115
61603144
61603179
61603245
61603367
61603453
61603465
61603552
61603663
61603743
61603750
61603781
61603791
61603815
61603850
61603859
61603892
61603946
61603957
61604034
61604090
61604159
61604271
61604360
61604397
61604410
61604415
61604442
61604450
61604458
61635527
61635833
61635942
61636006
61636016
61636095
61636169
82200077
82200079
82200237
82200281
82200698
82200864
82201139
82201205
82201292
82201309
82201393
82201446
82201527
82201650
82201671
82201702
82201792
82207593
82235141
82300012
82300130
82300212
82300240
82300267
82300311
82300331
82300401
82300432
82300479
82300848
82300912
82300927
82301096
82301232
82301302
82301354
82301687
82301763
82301781
82302461
82302661
82302810
82302834
82303130
82303270
82303496
82303517
82303573
82303723
82303809
82303867
82303888
82303928
82303943
82303952
82304013
82304026
82304158
82304234
82304402
82304485
82304536
82304603
82304672
82304762
82304767
82304778
82304803
82304810
82304844
82304859
82304894
82304950
82304974
82305046
82305091
82305099
82305100
82305124
82305144
82305256
82305268
82305449
82305468
82305475
82305497
82305520
82305581
82305603
82305634
82305635
82305684
82305708
82305770
82305811
82305930
82306014
82306039
82306193
82306295
82306307
82306323
82306552
82306679
82306699
82306857
82306860
82306945
82307147
82307163
82307269
82307328
82307379
82307474
82307684
82307692
82307744
82307914
82307940
82307984
82308086
82308185
82308191
82308501
82308578
82308699
82308796
82309076
82309096
82309134
82309252
82309400
82309424
82309467
82309715
82309795
82310214
82310283
82310349
82310578
82311134
82311135
82311358
82311593
82311979
82313090
82333035
82333855
82337152
82337357
82338061
82338992
82339102
82339132
82339431
82339664
82339672
82339793
82340096
82500420
82500891
82501196
82501422
82501703
82501778
82501855
82501868
82501899
82501995
82502166
82502168
82502191
82502536
82502681
82502687
82502688
82502716
82502864
82502891
82502999
82503004
82503023
82503096
82503101
82503370
82503544
82503611
82503640
82503741
82503761
82504054
82504242
82504524
82504565
82504615
82504733
82504895
82504914
82505020
82505042
82505044
82505096
82505277
82505334
82505374
82505397
82505422
82505590
82505663
82505884
82506113
82506307
82506356
82506450
82506583
82506649
82506772
82506775
82506873
82507019
82507025
82507028
82507062
82507203
82507244
82507263
82507269
82507394
82507442
82507483
82507564
82507713
82507740
82507764
82507855
82508007
82508020
82508153
82508277
82508282
82508385
82510414
82516030
82533495
82534547
82534860
82535872
82537128
85100338
85100390
85100523
85100968
85200112
85200218
85200632
85201176
85201223
85201234
85201336
85202227
85202358
85202434
85202525
85202596
85202711
85202902
85203498
85203547
85203574
85203603
85203688
85203875
85204207
85204248
85204307
85204423
85204750
85204970
85205178
85205439
85206041
85206196
85206324
85207007
85207012
85207087
85207114
85207422
85207699
85207769
85209138
85209999
85211500
85211769
85212023
85212207
85212226
85212389
85212481
85212798
85212839
85212849
85212877
85212925
85212928
85213125
85213126
85233969
85234687
85234826
85236636
85236725
85236791
85236956
85236960
93300500
93300576
93300870
93300896
93301038
93301600
93301623
93301722
93302042
93302123
93302152
93302580
93302624
93302759
93302896
93302989
93303073
93303228
93303316
93303453
93303524
93303548
93303622
93303672
93303831
93303854
93303891
93303902
93304070
93304097
93304160
93304203
93304211
93304376
93304401
93304425
93304459
93304464
93304483
93304490
93304565
93304572
93304670
93304728
93304748
93304751
93304780
93304827
93304906
93304924
93304962
93304983
93304987
93305018
93305102
93305108
93305119
93305120
93305129
93305132
93305158
93305168
93305279
93305361
93305371
93305379
93305402
93305455
93305461
93305509
93305615
93305621
93305625
93305665
93305742
93305884
93305915
93305952
93306016
93306035
93306050
93306185
93306249
93306288
93306307
93306351
93306448
93306575
93306659
93306666
93306737
93306769
93306842
93306914
93306950
93307177
93319318
93322226
93334014
93335296
93336988
93337167
93339255
93340084
93340195
93340235
93340518
93340544
93340558
93340699
93340727
93340867
96800168
96801370
96801531
96801682
96801864
96801919
96802044
96802086
96802120
96802197
96802224
96802244
96802268
96802311
96802409
96802577
96802633
96802637
96802648
96802680
96802682
96802683
96802732
96802766
96802850
96802863
96802866
96802893
96802942
96802943
96802944
96802966
96802982
96803026
96803229
96803246
96803271
96803301
96803312
96803323
96803398
96803414
96803447
96803450
96803522
96803632
96803683
96803687
96803689
96803692
96803738
96803787
96803845
96803882
96803940
96804036
96804040
96804076
96804298
96804322
96804340
96804363
96804372
96804389
96804424
96804429
96804535
96804544
96804747
96804826
96805009
96805110
96814458
96825819
96837751
96838244
96838384
97700758
97701370
97701704
97701795
97701820
97701884
97701963
97702008
97702039
97702070
97702131
97702179
97702192
97702209
97702215
97702248
97702320
97702357
97702383
97702430
97702456
97702465
97702500
97702525
97702538
97702568
97702593
97702596
97702630
97702638
97702642
97702726
97702728
97702730
97702763
97702842
97702845
97702846
97702866
97702897
97702900
97702908
97702915
97702943
97702945
97702956
97702964
97702966
97702995
97702997
97703012
97703045
97703060
97703083
97703136
97703172
97703180
97703182
97703187
97703224
97703225
97703245
97703250
97703258
97703282
97703283
97703300
97703308
97703347
97703355
97703356
97703370
97703386
97703393
97703428
97703490
97703506
97703508
97703515
97703560
97703581
97703584
97703631
97703651
97703722
97703753
97703810
97703907
97704049
97704058
97704094
97704108
97704145
97704259
97704268
97704462
97704522
97737304
97737552
97737675
97737736
97738092
97738185
98100033
98100053
98100060
98100120
98100158
98100184
98100219
98100223
98100366
98100414
98100442
98100454
98100671
98100720
98100818
98100867
98100900
98100944
98100958
98100982
98101025
98101043
98101051
98101064
98101099
98101101
98101104
98101132
98101151
98101163
98101169
98101174
98101187
98101194
98101199
98101226
98101234
98101261
98101310
98101324
98101384
98101399
98101441
98101470
98101484
98101499
98101509
98101515
98101538
98101549
98101562
98101579
98101590
98101595
98101608
98101613
98101668
98101677
98101679
98101693
98101706
98101712
98101714
98101727
98101729
98101738
98101746
98101763
98101775
98101785
98101815
98101871
98101902
98101923
98101949
98101963
98101969
98102015
98102022
98102023
98102031
98102061
98102105
98102197
98102198
98102253
98102281
98102304
98102331
98102342
98102344
98102347
98102350
98102370
98102404
98102405
98102420
98102423
98102463
98102475
98102490
98102513
98102522
98102539
98102542
98102550
98102557
98102631
98102728
98109328
98133200
98133799
98134111
98134479
98135405
98135432
98135453
98135543
98155388
98200007
98200093
98200131
98200152
98200154
98200175
98200317
98200341
98200390
98200437
98200449
98200524
98200569
98200615
98200639
98200679
98200696
98200709
98200759
98200779
98200798
98200820
98200901
98200913
98200914
98200949
98200982
98201000
98201043
98201074
98201113
98201116
98201199
98201213
98201222
98201243
98201249
98201252
98201260
98201274
98201317
98201335
98201342
98201372
98201391
98201392
98201401
98201444
98201456
98201457
98201459
98201460
98201483
98201498
98201522
98201554
98201593
98201623
98201637
98201656
98201675
98201681
98201688
98201711
98201722
98201729
98201736
98201746
98201754
98201762
98201763
98201766
98201772
98201780
98201817
98201826
98201836
98201849
98201857
98201873
98201896
98201908
98201998
98202003
98202056
98202078
98202111
98202122
98202142
98202144
98202151
98202164
98202176
98202181
98202185
98202201
98202209
98202231
98202233
98202239
98202308
98202372
98202451
98202472
98202488
98202490
98202494
98202500
98202516
98202528
98202543
98202553
98202568
98202583
98202586
98202619
98202631
98202642
98202658
98202664
98202698
98202753
98202760
98202763
98202781
98202826
98202827
98202865
98202920
98202983
98202987
98203002
98203026
98203044
98203050
98203082
98203107
98203119
98203121
98203122
98203131
98203161
98203175
98203177
98203188
98203191
98203216
98203219
98203225
98203249
98203257
98203265
98203282
98203304
98203350
98203397
98203443
98203444
98203452
98203463
98233354
98233387
98233429
98234592
98234656
98235032
98235063
98235103
98235118
98235211
98235262
98235356
98235365
98600043
98600112
98600122
98600187
98600214
98600222
98600381
98600489
98600513
98600695
98600788
98600790
98600947
98600962
98600974
98600975
98601053
98601115
98601116
98601124
98601157
98601289
98601317
98601366
98601372
98601406
98601582
98601601
98601748
98601895
98601907
98601942
98601973
98602020
98602030
98602042
98602058
98602082
98602090
98602102
98602123
98602171
98602175
98602180
98602190
98602205
98602210
98602277
98602313
98602315
98602318
98602330
98602346
98602389
98602410
98602417
98602438
98602441
98602447
98602487
98602515
98602530
98602580
98602595
98602632
98602673
98602747
98602748
98602792
98602814
98602822
98602949
98602957
98602996
98603012
98603013
98603062
98603069
98603073
98603122
98603142
98603194
98603200
98603237
98603246
98603274
98603291
98603321
98603408
98603442
98603446
98603450
98603460
98603536
98603579
98603590
98603597
98603616
98603636
98603638
98603663
98603669
98603707
98603717
98603730
98603841
98603859
98603898
98603934
98603942
98603998
98604052
98604091
98604112
98604129
98604143
98604163
98604171
98604187
98604266
98604284
98604304
98604389
98604419
98604426
98604430
98604455
98604487
98604571
98604582
98604616
98604672
98604679
98604682
98604742
98604753
98604755
98604768
98604777
98604778
98604781
98604793
98604795
98604805
98604808
98604857
98604864
98604893
98604908
98604985
98604987
98604988
98605012
98605016
98605018
98605029
98605042
98605074
98605085
98605090
98605092
98605107
98605123
98605128
98605131
98605162
98605178
98605179
98605201
98605242
98605283
98605315
98605336
98605338
98605351
98605355
98605356
98605368
98605376
98605430
98605461
98605465
98605469
98605479
98605490
98605504
98605521
98605527
98605536
98605549
98605558
98605559
98605560
98605570
98605576
98605584
98605586
98605601
98605613
98605628
98605647
98605671
98605686
98605687
98605696
98605715
98605726
98605755
98605764
98605786
98605817
98605820
98605843
98605849
98605897
98605918
98605924
98605978
98605981
98605982
98605985
98606105
98606112
98606153
98606199
98606209
98606220
98606241
98606244
98606258
98606274
98606279
98606289
98606319
98606336
98606373
98606420
98606455
98606478
98606481
98606484
98606489
98606503
98606524
98606533
98606538
98606543
98606550
98606562
98606584
98606599
98606619
98606650
98606674
98606706
98606716
98606747
98606754
98606773
98606864
98606906
98606950
98606988
98606993
98607005
98607031
98607093
98607100
98607114
98607115
98607169
98607195
98607205
98607222
98607241
98607267
98607292
98607294
98607317
98607337
98607386
98607410
98607415
98607458
98607475
98607498
98607519
98607545
98607606
98607627
98607665
98607680
98607683
98607693
98607696
98607732
98607747
98607755
98607779
98607790
98607843
98607852
98607861
98607905
98607912
98607923
98607959
98607971
98607999
98608004
98608012
98608017
98608059
98608064
98608076
98608091
98608092
98608116
98608132
98608150
98608154
98608158
98608169
98608198
98608212
98608222
98608267
98608309
98608310
98608339
98608349
98608383
98608422
98608495
98608551
98608615
98608638
98608642
98608722
98608759
98608861
98608964
98609027
98609040
98609132
98609137
98609164
98609204
98609221
98609250
98609252
98609277
98609299
98609304
98609307
98609324
98609331
98609392
98609425
98609491
98609503
98609535
98609589
98609604
98609711
98609715
98609736
98609746
98609777
98609810
98609817
98609826
98609846
98609862
98609893
98609896
98609908
98609918
98609953
98609984
98610019
98610031
98610120
98610145
98610156
98610341
98610373
98610447
98610450
98610456
98610545
98610571
98610613
98610847
98610892
98610925
98610927
98611043
98611073
98611108
98611238
98611302
98611462
98611540
98611656
98611816
98611991
98612151
98612192
98612776
98613050
98614472
98633149
98633252
98633332
98633895
98635726
98636542
98637148
98637328
98637461
98637760
98637956
98638020
98638035
98638101
98638161
98638187
98638190
98638240
98638243
98638255
98638308
98638349
98638387
98638393
98638413
98638426
98643797
98669063
98700029
98700109
98700222
98700275
98700368
98700383
98700440
98700523
98700550
98700554
98700555
98700586
98700652
98700716
98700728
98700778
98700807
98700869
98700919
98700995
98701000
98701003
98701005
98701053
98701055
98701056
98701067
98701082
98701126
98701148
98701204
98701212
98701235
98701245
98701249
98701260
98701322
98701324
98701370
98701371
98701375
98701384
98701385
98701391
98701432
98701433
98701439
98701462
98701475
98701490
98701501
98701518
98701523
98701528
98701532
98701565
98701589
98701595
98701600
98701606
98701611
98701614
98701623
98701640
98701641
98701644
98701648
98701658
98701672
98701730
98701806
98701820
98701839
98701853
98701861
98701875
98701886
98701922
98701953
98701959
98701974
98701977
98701988
98702012
98702013
98702020
98702060
98702121
98702127
98702161
98702172
98702208
98702216
98702230
98702241
98702243
98702256
98702284
98702291
98702294
98702318
98702332
98702334
98702336
98702353
98702386
98702400
98702410
98702422
98702458
98702461
98702471
98702489
98702507
98702542
98702569
98702576
98702579
98702613
98702623
98702634
98702651
98702667
98702674
98702747
98702756
98702757
98702790
98702792
98702803
98702820
98702834
98702846
98702881
98702894
98702933
98702946
98702977
98703069
98703075
98703078
98703085
98703092
98703103
98703105
98703127
98703139
98703191
98703199
98703241
98703246
98703258
98703289
98703375
98703379
98703431
98703456
98703466
98703488
98703519
98703523
98703526
98703534
98703539
98703573
98703589
98703590
98703591
98703598
98703614
98703642
98703717
98703761
98703780
98703809
98704452
98706281
98734026
98734710
98734724
98734745
98734761
98734836
98787363
98790082
98800082
98800094
98800387
98800453
98800488
98800535
98800642
98800684
98800873
98800887
98800913
98800961
98800975
98801026
98801039
98801074
98801078
98801081
98801121
98801160
98801240
98801246
98801258
98801387
98801449
98801543
98801549
98801632
98801689
98801723
98801740
98801950
98801961
98801996
98802083
98802090
98802091
98802114
98802210
98802240
98802268
98802374
98802391
98802428
98802443
98802471
98802640
98802652
98802654
98802687
98802768
98802773
98802786
98802883
98802888
98803001
98803073
98803103
98803192
98803208
98803241
98803253
98803310
98803382
98803396
98803399
98803415
98803482
98803574
98803596
98803943
98804130
98804183
98804206
98804211
98804219
98804226
98804263
98804276
98804280
98804285
98804296
98804298
98804314
98804341
98804378
98804424
98804456
98804471
98804528
98804534
98804566
98804626
98804657
98804663
98804702
98804705
98804729
98804742
98804747
98804779
98804785
98804799
98804815
98804820
98804841
98804908
98804923
98804938
98804965
98804972
98804993
98805231
98805273
98805289
98833020
98835230
98835254
98835309
98835368
98835469
98835495
98835501
98835513
98835517
98835584
99100026
99100079
99100289
99100409
99100445
99100572
99100713
99100750
99100752
99100854
99100878
99100986
99101098
99101301
99101420
99101448
99101501
99101536
99101554
99101627
99101631
99101775
99101815
99101841
99101871
99101914
99102026
99102043
99102158
99102421
99102474
99102626
99102746
99102755
99102799
99102807
99102834
99102839
99102873
99102895
99102907
99102956
99102966
99102975
99103060
99103064
99103153
99103159
99103208
99103243
99103260
99103269
99103280
99103294
99103317
99103462
99103482
99103523
99103632
99103729
99103743
99103764
99103878
99103916
99103919
99103937
99103945
99103960
99104060
99104084
99104100
99104102
99104114
99104167
99104246
99104259
99104264
99104284
99104337
99104365
99104372
99104521
99104587
99104589
99104601
99104605
99104640
99104642
99104649
99104662
99104679
99104688
99104709
99104865
99104931
99104945
99104947
99104979
99104988
99105032
99105073
99105227
99105285
99105294
99105387
99105418
99105426
99105468
99105518
99105519
99105539
99105664
99105671
99105684
99105914
99105925
99105948
99105994
99106034
99106046
99106050
99106076
99106093
99106194
99106237
99106349
99106373
99106381
99106439
99106542
99106621
99106659
99106707
99106811
99106842
99106894
99106948
99106999
99107016
99107054
99107069
99107085
99107089
99107106
99107157
99107167
99107250
99107257
99107270
99107285
99107311
99107352
99107357
99107365
99107401
99107453
99107463
99107472
99107506
99107522
99107543
99107589
99107743
99107992
99108028
99108107
99108253
99108532
99114520
99136693
99137347
99137453
99138062
99138355
99138696
99138977
99139140
99139150
99139183
99200039
99200195
99200480
99200558
99200798
99201212
99201309
99201367
99201534
99201566
99201602
99201609
99201617
99201641
99201736
99201820
99201826
99202068
99202097
99202113
99202128
99202142
99202224
99202389
99202459
99202469
99202570
99202640
99202695
99202750
99202784
99202805
99202811
99202850
99202873
99202886
99202968
99202973
99203038
99203161
99203201
99300187
99300194
99300279
99300451
99300489
99300526
99300574
99300614
99300685
99300756
99300780
99300861
99301001
99301016
99301049
99301095
99301142
99301150
99301162
99301308
99301427
99301470
99301496
99301499
99301502
99301523
99301525
99301526
99301566
99301599
99301605
99301619
99301622
99301629
99301643
99301710
99301728
99301738
99301752
99301758
99301775
99301862
99301864
99301900
99301937
99301979
99301999
99302007
99302019
99302084
99302088
99302091
99302108
99302138
99302152
99302159
99302194
99302277
99302440
99302455
99302474
99302489
99302497
99302545
99302552
99302554
99302556
99302569
99302577
99302591
99302709
99302775
99302820
99302856
99302863
99302865
99302881
99302896
99302906
99303044
99303052
99303056
99303060
99303087
99303096
99303101
99303103
99303133
99303182
99303193
99303200
99303207
99303209
99303240
99303260
99303342
99303345
99303354
99303399
99303423
99303496
99303509
99303533
99303579
99303633
99303636
99303682
99303685
99303705
99303776
99303808
99303941
99304020
99304043
99304063
99304076
99304087
99304128
99304129
99304142
99304160
99304179
99304223
99304226
99304233
99304259
99304290
99304356
99304359
99304366
99304401
99304429
99304480
99304489
99304508
99304543
99304557
99304642
99304653
99304674
99304737
99305030
99305151
99305168
99305211
99305280
99305293
99305308
99305401
99305410
99305416
99305420
99305437
99305548
99305569
99305615
99305619
99305698
99305785
99305793
99305826
99305908
99305934
99309311
99335096
99335597
99336819
99336982
99337182
99337203
99337436
99337462
99337705
99400560
99400793
99400809
99400938
99400952
99401108
99401135
99401424
99434360
99434409
99500406
99500839
99500905
99500939
99501030
99501059
99501082
99501104
99501437
99501494
99501516
99501525
99501568
99501701
99501778
99501789
99501807
99501812
99502171
99502252
99516687
99536443
99536966
99537023
99537114
99800036
99800041
99900289
99900359
99900476
99900486
99900511
99900698
99900785
99901003
99901066
